   0.0000000e+00   1.2259420e-05
   1.0010010e-03  -2.8662078e-04
   2.0020020e-03  -5.8287667e-04
   3.0030030e-03  -8.7649156e-04
   4.0040040e-03  -1.1674498e-03
   5.0050050e-03  -1.4557369e-03
   6.0060060e-03  -1.7413391e-03
   7.0070070e-03  -2.0242438e-03
   8.0080080e-03  -2.3044395e-03
   9.0090090e-03  -2.5819154e-03
   1.0010010e-02  -2.8566618e-03
   1.1011011e-02  -3.1286698e-03
   1.2012012e-02  -3.3979314e-03
   1.3013013e-02  -3.6644396e-03
   1.4014014e-02  -3.9281880e-03
   1.5015015e-02  -4.1891714e-03
   1.6016016e-02  -4.4473851e-03
   1.7017017e-02  -4.7028252e-03
   1.8018018e-02  -4.9554889e-03
   1.9019019e-02  -5.2053737e-03
   2.0020020e-02  -5.4524783e-03
   2.1021021e-02  -5.6968018e-03
   2.2022022e-02  -5.9383442e-03
   2.3023023e-02  -6.1771060e-03
   2.4024024e-02  -6.4130886e-03
   2.5025025e-02  -6.6462940e-03
   2.6026026e-02  -6.8767246e-03
   2.7027027e-02  -7.1043839e-03
   2.8028028e-02  -7.3292756e-03
   2.9029029e-02  -7.5514041e-03
   3.0030030e-02  -7.7707746e-03
   3.1031031e-02  -7.9873926e-03
   3.2032032e-02  -8.2012643e-03
   3.3033033e-02  -8.4123963e-03
   3.4034034e-02  -8.6207960e-03
   3.5035035e-02  -8.8264710e-03
   3.6036036e-02  -9.0294297e-03
   3.7037037e-02  -9.2296806e-03
   3.8038038e-02  -9.4272332e-03
   3.9039039e-02  -9.6220969e-03
   4.0040040e-02  -9.8142819e-03
   4.1041041e-02  -1.0003799e-02
   4.2042042e-02  -1.0190658e-02
   4.3043043e-02  -1.0374872e-02
   4.4044044e-02  -1.0556452e-02
   4.5045045e-02  -1.0735410e-02
   4.6046046e-02  -1.0911758e-02
   4.7047047e-02  -1.1085511e-02
   4.8048048e-02  -1.1256679e-02
   4.9049049e-02  -1.1425279e-02
   5.0050050e-02  -1.1591322e-02
   5.1051051e-02  -1.1754824e-02
   5.2052052e-02  -1.1915799e-02
   5.3053053e-02  -1.2074262e-02
   5.4054054e-02  -1.2230228e-02
   5.5055055e-02  -1.2383712e-02
   5.6056056e-02  -1.2534730e-02
   5.7057057e-02  -1.2683298e-02
   5.8058058e-02  -1.2829432e-02
   5.9059059e-02  -1.2973149e-02
   6.0060060e-02  -1.3114465e-02
   6.1061061e-02  -1.3253396e-02
   6.2062062e-02  -1.3389961e-02
   6.3063063e-02  -1.3524176e-02
   6.4064064e-02  -1.3656059e-02
   6.5065065e-02  -1.3785627e-02
   6.6066066e-02  -1.3912898e-02
   6.7067067e-02  -1.4037890e-02
   6.8068068e-02  -1.4160622e-02
   6.9069069e-02  -1.4281111e-02
   7.0070070e-02  -1.4399376e-02
   7.1071071e-02  -1.4515435e-02
   7.2072072e-02  -1.4629308e-02
   7.3073073e-02  -1.4741012e-02
   7.4074074e-02  -1.4850568e-02
   7.5075075e-02  -1.4957993e-02
   7.6076076e-02  -1.5063308e-02
   7.7077077e-02  -1.5166530e-02
   7.8078078e-02  -1.5267681e-02
   7.9079079e-02  -1.5366778e-02
   8.0080080e-02  -1.5463841e-02
   8.1081081e-02  -1.5558891e-02
   8.2082082e-02  -1.5651946e-02
   8.3083083e-02  -1.5743026e-02
   8.4084084e-02  -1.5832150e-02
   8.5085085e-02  -1.5919339e-02
   8.6086086e-02  -1.6004613e-02
   8.7087087e-02  -1.6087990e-02
   8.8088088e-02  -1.6169491e-02
   8.9089089e-02  -1.6249136e-02
   9.0090090e-02  -1.6326945e-02
   9.1091091e-02  -1.6402936e-02
   9.2092092e-02  -1.6477131e-02
   9.3093093e-02  -1.6549549e-02
   9.4094094e-02  -1.6620210e-02
   9.5095095e-02  -1.6689133e-02
   9.6096096e-02  -1.6756339e-02
   9.7097097e-02  -1.6821847e-02
   9.8098098e-02  -1.6885678e-02
   9.9099099e-02  -1.6947850e-02
   1.0010010e-01  -1.7008384e-02
   1.0110110e-01  -1.7067299e-02
   1.0210210e-01  -1.7124614e-02
   1.0310310e-01  -1.7180351e-02
   1.0410410e-01  -1.7234527e-02
   1.0510511e-01  -1.7287163e-02
   1.0610611e-01  -1.7338278e-02
   1.0710711e-01  -1.7387891e-02
   1.0810811e-01  -1.7436021e-02
   1.0910911e-01  -1.7482689e-02
   1.1011011e-01  -1.7527912e-02
   1.1111111e-01  -1.7571711e-02
   1.1211211e-01  -1.7614104e-02
   1.1311311e-01  -1.7655110e-02
   1.1411411e-01  -1.7694748e-02
   1.1511512e-01  -1.7733036e-02
   1.1611612e-01  -1.7769994e-02
   1.1711712e-01  -1.7805640e-02
   1.1811812e-01  -1.7839993e-02
   1.1911912e-01  -1.7873070e-02
   1.2012012e-01  -1.7904891e-02
   1.2112112e-01  -1.7935473e-02
   1.2212212e-01  -1.7964835e-02
   1.2312312e-01  -1.7992995e-02
   1.2412412e-01  -1.8019969e-02
   1.2512513e-01  -1.8045778e-02
   1.2612613e-01  -1.8070437e-02
   1.2712713e-01  -1.8093964e-02
   1.2812813e-01  -1.8116378e-02
   1.2912913e-01  -1.8137695e-02
   1.3013013e-01  -1.8157932e-02
   1.3113113e-01  -1.8177107e-02
   1.3213213e-01  -1.8195237e-02
   1.3313313e-01  -1.8212338e-02
   1.3413413e-01  -1.8228427e-02
   1.3513514e-01  -1.8243521e-02
   1.3613614e-01  -1.8257636e-02
   1.3713714e-01  -1.8270789e-02
   1.3813814e-01  -1.8282995e-02
   1.3913914e-01  -1.8294271e-02
   1.4014014e-01  -1.8304633e-02
   1.4114114e-01  -1.8314097e-02
   1.4214214e-01  -1.8322677e-02
   1.4314314e-01  -1.8330391e-02
   1.4414414e-01  -1.8337252e-02
   1.4514515e-01  -1.8343277e-02
   1.4614615e-01  -1.8348481e-02
   1.4714715e-01  -1.8352878e-02
   1.4814815e-01  -1.8356483e-02
   1.4914915e-01  -1.8359312e-02
   1.5015015e-01  -1.8361378e-02
   1.5115115e-01  -1.8362696e-02
   1.5215215e-01  -1.8363281e-02
   1.5315315e-01  -1.8363146e-02
   1.5415415e-01  -1.8362305e-02
   1.5515516e-01  -1.8360772e-02
   1.5615616e-01  -1.8358562e-02
   1.5715716e-01  -1.8355687e-02
   1.5815816e-01  -1.8352161e-02
   1.5915916e-01  -1.8347996e-02
   1.6016016e-01  -1.8343208e-02
   1.6116116e-01  -1.8337807e-02
   1.6216216e-01  -1.8331808e-02
   1.6316316e-01  -1.8325222e-02
   1.6416416e-01  -1.8318062e-02
   1.6516517e-01  -1.8310341e-02
   1.6616617e-01  -1.8302071e-02
   1.6716717e-01  -1.8293264e-02
   1.6816817e-01  -1.8283931e-02
   1.6916917e-01  -1.8274086e-02
   1.7017017e-01  -1.8263738e-02
   1.7117117e-01  -1.8252901e-02
   1.7217217e-01  -1.8241584e-02
   1.7317317e-01  -1.8229800e-02
   1.7417417e-01  -1.8217559e-02
   1.7517518e-01  -1.8204873e-02
   1.7617618e-01  -1.8191752e-02
   1.7717718e-01  -1.8178206e-02
   1.7817818e-01  -1.8164247e-02
   1.7917918e-01  -1.8149885e-02
   1.8018018e-01  -1.8135129e-02
   1.8118118e-01  -1.8119990e-02
   1.8218218e-01  -1.8104477e-02
   1.8318318e-01  -1.8088602e-02
   1.8418418e-01  -1.8072372e-02
   1.8518519e-01  -1.8055798e-02
   1.8618619e-01  -1.8038889e-02
   1.8718719e-01  -1.8021654e-02
   1.8818819e-01  -1.8004103e-02
   1.8918919e-01  -1.7986243e-02
   1.9019019e-01  -1.7968085e-02
   1.9119119e-01  -1.7949636e-02
   1.9219219e-01  -1.7930906e-02
   1.9319319e-01  -1.7911902e-02
   1.9419419e-01  -1.7892633e-02
   1.9519520e-01  -1.7873107e-02
   1.9619620e-01  -1.7853331e-02
   1.9719720e-01  -1.7833315e-02
   1.9819820e-01  -1.7813065e-02
   1.9919920e-01  -1.7792589e-02
   2.0020020e-01  -1.7771894e-02
   2.0120120e-01  -1.7750989e-02
   2.0220220e-01  -1.7729879e-02
   2.0320320e-01  -1.7708573e-02
   2.0420420e-01  -1.7687076e-02
   2.0520521e-01  -1.7665397e-02
   2.0620621e-01  -1.7643541e-02
   2.0720721e-01  -1.7621516e-02
   2.0820821e-01  -1.7599327e-02
   2.0920921e-01  -1.7576981e-02
   2.1021021e-01  -1.7554484e-02
   2.1121121e-01  -1.7531843e-02
   2.1221221e-01  -1.7509062e-02
   2.1321321e-01  -1.7486149e-02
   2.1421421e-01  -1.7463109e-02
   2.1521522e-01  -1.7439947e-02
   2.1621622e-01  -1.7416669e-02
   2.1721722e-01  -1.7393280e-02
   2.1821822e-01  -1.7369786e-02
   2.1921922e-01  -1.7346191e-02
   2.2022022e-01  -1.7322502e-02
   2.2122122e-01  -1.7298722e-02
   2.2222222e-01  -1.7274857e-02
   2.2322322e-01  -1.7250911e-02
   2.2422422e-01  -1.7226889e-02
   2.2522523e-01  -1.7202796e-02
   2.2622623e-01  -1.7178636e-02
   2.2722723e-01  -1.7154412e-02
   2.2822823e-01  -1.7130130e-02
   2.2922923e-01  -1.7105794e-02
   2.3023023e-01  -1.7081407e-02
   2.3123123e-01  -1.7056974e-02
   2.3223223e-01  -1.7032497e-02
   2.3323323e-01  -1.7007982e-02
   2.3423423e-01  -1.6983432e-02
   2.3523524e-01  -1.6958849e-02
   2.3623624e-01  -1.6934238e-02
   2.3723724e-01  -1.6909602e-02
   2.3823824e-01  -1.6884943e-02
   2.3923924e-01  -1.6860267e-02
   2.4024024e-01  -1.6835574e-02
   2.4124124e-01  -1.6810869e-02
   2.4224224e-01  -1.6786154e-02
   2.4324324e-01  -1.6761432e-02
   2.4424424e-01  -1.6736706e-02
   2.4524525e-01  -1.6711978e-02
   2.4624625e-01  -1.6687251e-02
   2.4724725e-01  -1.6662527e-02
   2.4824825e-01  -1.6637810e-02
   2.4924925e-01  -1.6613100e-02
   2.5025025e-01  -1.6588401e-02
   2.5125125e-01  -1.6563714e-02
   2.5225225e-01  -1.6539042e-02
   2.5325325e-01  -1.6514387e-02
   2.5425425e-01  -1.6489750e-02
   2.5525526e-01  -1.6465134e-02
   2.5625626e-01  -1.6440540e-02
   2.5725726e-01  -1.6415970e-02
   2.5825826e-01  -1.6391426e-02
   2.5925926e-01  -1.6366909e-02
   2.6026026e-01  -1.6342421e-02
   2.6126126e-01  -1.6317963e-02
   2.6226226e-01  -1.6293537e-02
   2.6326326e-01  -1.6269144e-02
   2.6426426e-01  -1.6244785e-02
   2.6526527e-01  -1.6220462e-02
   2.6626627e-01  -1.6196175e-02
   2.6726727e-01  -1.6171926e-02
   2.6826827e-01  -1.6147716e-02
   2.6926927e-01  -1.6123546e-02
   2.7027027e-01  -1.6099416e-02
   2.7127127e-01  -1.6075328e-02
   2.7227227e-01  -1.6051282e-02
   2.7327327e-01  -1.6027280e-02
   2.7427427e-01  -1.6003321e-02
   2.7527528e-01  -1.5979407e-02
   2.7627628e-01  -1.5955538e-02
   2.7727728e-01  -1.5931715e-02
   2.7827828e-01  -1.5907938e-02
   2.7927928e-01  -1.5884208e-02
   2.8028028e-01  -1.5860525e-02
   2.8128128e-01  -1.5836889e-02
   2.8228228e-01  -1.5813301e-02
   2.8328328e-01  -1.5789761e-02
   2.8428428e-01  -1.5766270e-02
   2.8528529e-01  -1.5742827e-02
   2.8628629e-01  -1.5719433e-02
   2.8728729e-01  -1.5696088e-02
   2.8828829e-01  -1.5672792e-02
   2.8928929e-01  -1.5649546e-02
   2.9029029e-01  -1.5626348e-02
   2.9129129e-01  -1.5603199e-02
   2.9229229e-01  -1.5580099e-02
   2.9329329e-01  -1.5557048e-02
   2.9429429e-01  -1.5534047e-02
   2.9529530e-01  -1.5511093e-02
   2.9629630e-01  -1.5488189e-02
   2.9729730e-01  -1.5465332e-02
   2.9829830e-01  -1.5442524e-02
   2.9929930e-01  -1.5419763e-02
   3.0030030e-01  -1.5397050e-02
   3.0130130e-01  -1.5374385e-02
   3.0230230e-01  -1.5351766e-02
   3.0330330e-01  -1.5329193e-02
   3.0430430e-01  -1.5306667e-02
   3.0530531e-01  -1.5284186e-02
   3.0630631e-01  -1.5261751e-02
   3.0730731e-01  -1.5239360e-02
   3.0830831e-01  -1.5217014e-02
   3.0930931e-01  -1.5194712e-02
   3.1031031e-01  -1.5172453e-02
   3.1131131e-01  -1.5150237e-02
   3.1231231e-01  -1.5128062e-02
   3.1331331e-01  -1.5105930e-02
   3.1431431e-01  -1.5083839e-02
   3.1531532e-01  -1.5061788e-02
   3.1631632e-01  -1.5039776e-02
   3.1731732e-01  -1.5017804e-02
   3.1831832e-01  -1.4995871e-02
   3.1931932e-01  -1.4973975e-02
   3.2032032e-01  -1.4952117e-02
   3.2132132e-01  -1.4930295e-02
   3.2232232e-01  -1.4908509e-02
   3.2332332e-01  -1.4886758e-02
   3.2432432e-01  -1.4865041e-02
   3.2532533e-01  -1.4843359e-02
   3.2632633e-01  -1.4821708e-02
   3.2732733e-01  -1.4800091e-02
   3.2832833e-01  -1.4778504e-02
   3.2932933e-01  -1.4756948e-02
   3.3033033e-01  -1.4735422e-02
   3.3133133e-01  -1.4713926e-02
   3.3233233e-01  -1.4692457e-02
   3.3333333e-01  -1.4671016e-02
   3.3433433e-01  -1.4649602e-02
   3.3533534e-01  -1.4628214e-02
   3.3633634e-01  -1.4606851e-02
   3.3733734e-01  -1.4585512e-02
   3.3833834e-01  -1.4564197e-02
   3.3933934e-01  -1.4542904e-02
   3.4034034e-01  -1.4521634e-02
   3.4134134e-01  -1.4500385e-02
   3.4234234e-01  -1.4479156e-02
   3.4334334e-01  -1.4457947e-02
   3.4434434e-01  -1.4436756e-02
   3.4534535e-01  -1.4415583e-02
   3.4634635e-01  -1.4394428e-02
   3.4734735e-01  -1.4373289e-02
   3.4834835e-01  -1.4352165e-02
   3.4934935e-01  -1.4331056e-02
   3.5035035e-01  -1.4309962e-02
   3.5135135e-01  -1.4288880e-02
   3.5235235e-01  -1.4267810e-02
   3.5335335e-01  -1.4246753e-02
   3.5435435e-01  -1.4225706e-02
   3.5535536e-01  -1.4204669e-02
   3.5635636e-01  -1.4183641e-02
   3.5735736e-01  -1.4162622e-02
   3.5835836e-01  -1.4141611e-02
   3.5935936e-01  -1.4120606e-02
   3.6036036e-01  -1.4099608e-02
   3.6136136e-01  -1.4078616e-02
   3.6236236e-01  -1.4057628e-02
   3.6336336e-01  -1.4036644e-02
   3.6436436e-01  -1.4015664e-02
   3.6536537e-01  -1.3994686e-02
   3.6636637e-01  -1.3973710e-02
   3.6736737e-01  -1.3952736e-02
   3.6836837e-01  -1.3931762e-02
   3.6936937e-01  -1.3910787e-02
   3.7037037e-01  -1.3889812e-02
   3.7137137e-01  -1.3868836e-02
   3.7237237e-01  -1.3847857e-02
   3.7337337e-01  -1.3826876e-02
   3.7437437e-01  -1.3805892e-02
   3.7537538e-01  -1.3784903e-02
   3.7637638e-01  -1.3763910e-02
   3.7737738e-01  -1.3742911e-02
   3.7837838e-01  -1.3721907e-02
   3.7937938e-01  -1.3700897e-02
   3.8038038e-01  -1.3679879e-02
   3.8138138e-01  -1.3658854e-02
   3.8238238e-01  -1.3637821e-02
   3.8338338e-01  -1.3616779e-02
   3.8438438e-01  -1.3595728e-02
   3.8538539e-01  -1.3574668e-02
   3.8638639e-01  -1.3553597e-02
   3.8738739e-01  -1.3532516e-02
   3.8838839e-01  -1.3511424e-02
   3.8938939e-01  -1.3490320e-02
   3.9039039e-01  -1.3469204e-02
   3.9139139e-01  -1.3448076e-02
   3.9239239e-01  -1.3426935e-02
   3.9339339e-01  -1.3405780e-02
   3.9439439e-01  -1.3384612e-02
   3.9539540e-01  -1.3363429e-02
   3.9639640e-01  -1.3342232e-02
   3.9739740e-01  -1.3321021e-02
   3.9839840e-01  -1.3299794e-02
   3.9939940e-01  -1.3278551e-02
   4.0040040e-01  -1.3257292e-02
   4.0140140e-01  -1.3236017e-02
   4.0240240e-01  -1.3214726e-02
   4.0340340e-01  -1.3193417e-02
   4.0440440e-01  -1.3172092e-02
   4.0540541e-01  -1.3150749e-02
   4.0640641e-01  -1.3129388e-02
   4.0740741e-01  -1.3108010e-02
   4.0840841e-01  -1.3086613e-02
   4.0940941e-01  -1.3065198e-02
   4.1041041e-01  -1.3043764e-02
   4.1141141e-01  -1.3022311e-02
   4.1241241e-01  -1.3000840e-02
   4.1341341e-01  -1.2979349e-02
   4.1441441e-01  -1.2957838e-02
   4.1541542e-01  -1.2936309e-02
   4.1641642e-01  -1.2914759e-02
   4.1741742e-01  -1.2893190e-02
   4.1841842e-01  -1.2871601e-02
   4.1941942e-01  -1.2849992e-02
   4.2042042e-01  -1.2828362e-02
   4.2142142e-01  -1.2806713e-02
   4.2242242e-01  -1.2785043e-02
   4.2342342e-01  -1.2763353e-02
   4.2442442e-01  -1.2741642e-02
   4.2542543e-01  -1.2719911e-02
   4.2642643e-01  -1.2698160e-02
   4.2742743e-01  -1.2676388e-02
   4.2842843e-01  -1.2654595e-02
   4.2942943e-01  -1.2632782e-02
   4.3043043e-01  -1.2610949e-02
   4.3143143e-01  -1.2589095e-02
   4.3243243e-01  -1.2567220e-02
   4.3343343e-01  -1.2545326e-02
   4.3443443e-01  -1.2523411e-02
   4.3543544e-01  -1.2501475e-02
   4.3643644e-01  -1.2479520e-02
   4.3743744e-01  -1.2457544e-02
   4.3843844e-01  -1.2435549e-02
   4.3943944e-01  -1.2413533e-02
   4.4044044e-01  -1.2391498e-02
   4.4144144e-01  -1.2369443e-02
   4.4244244e-01  -1.2347368e-02
   4.4344344e-01  -1.2325274e-02
   4.4444444e-01  -1.2303161e-02
   4.4544545e-01  -1.2281029e-02
   4.4644645e-01  -1.2258878e-02
   4.4744745e-01  -1.2236708e-02
   4.4844845e-01  -1.2214519e-02
   4.4944945e-01  -1.2192312e-02
   4.5045045e-01  -1.2170087e-02
   4.5145145e-01  -1.2147844e-02
   4.5245245e-01  -1.2125583e-02
   4.5345345e-01  -1.2103304e-02
   4.5445445e-01  -1.2081009e-02
   4.5545546e-01  -1.2058696e-02
   4.5645646e-01  -1.2036366e-02
   4.5745746e-01  -1.2014019e-02
   4.5845846e-01  -1.1991656e-02
   4.5945946e-01  -1.1969278e-02
   4.6046046e-01  -1.1946883e-02
   4.6146146e-01  -1.1924472e-02
   4.6246246e-01  -1.1902047e-02
   4.6346346e-01  -1.1879606e-02
   4.6446446e-01  -1.1857151e-02
   4.6546547e-01  -1.1834681e-02
   4.6646647e-01  -1.1812197e-02
   4.6746747e-01  -1.1789699e-02
   4.6846847e-01  -1.1767188e-02
   4.6946947e-01  -1.1744663e-02
   4.7047047e-01  -1.1722125e-02
   4.7147147e-01  -1.1699575e-02
   4.7247247e-01  -1.1677013e-02
   4.7347347e-01  -1.1654439e-02
   4.7447447e-01  -1.1631853e-02
   4.7547548e-01  -1.1609256e-02
   4.7647648e-01  -1.1586647e-02
   4.7747748e-01  -1.1564029e-02
   4.7847848e-01  -1.1541400e-02
   4.7947948e-01  -1.1518761e-02
   4.8048048e-01  -1.1496112e-02
   4.8148148e-01  -1.1473455e-02
   4.8248248e-01  -1.1450788e-02
   4.8348348e-01  -1.1428113e-02
   4.8448448e-01  -1.1405430e-02
   4.8548549e-01  -1.1382739e-02
   4.8648649e-01  -1.1360040e-02
   4.8748749e-01  -1.1337335e-02
   4.8848849e-01  -1.1314623e-02
   4.8948949e-01  -1.1291904e-02
   4.9049049e-01  -1.1269179e-02
   4.9149149e-01  -1.1246449e-02
   4.9249249e-01  -1.1223714e-02
   4.9349349e-01  -1.1200974e-02
   4.9449449e-01  -1.1178229e-02
   4.9549550e-01  -1.1155480e-02
   4.9649650e-01  -1.1132727e-02
   4.9749750e-01  -1.1109970e-02
   4.9849850e-01  -1.1087211e-02
   4.9949950e-01  -1.1064449e-02
   5.0050050e-01  -1.1041684e-02
   5.0150150e-01  -1.1018918e-02
   5.0250250e-01  -1.0996150e-02
   5.0350350e-01  -1.0973381e-02
   5.0450450e-01  -1.0950610e-02
   5.0550551e-01  -1.0927839e-02
   5.0650651e-01  -1.0905068e-02
   5.0750751e-01  -1.0882297e-02
   5.0850851e-01  -1.0859527e-02
   5.0950951e-01  -1.0836757e-02
   5.1051051e-01  -1.0813988e-02
   5.1151151e-01  -1.0791221e-02
   5.1251251e-01  -1.0768456e-02
   5.1351351e-01  -1.0745693e-02
   5.1451451e-01  -1.0722933e-02
   5.1551552e-01  -1.0700175e-02
   5.1651652e-01  -1.0677420e-02
   5.1751752e-01  -1.0654669e-02
   5.1851852e-01  -1.0631922e-02
   5.1951952e-01  -1.0609179e-02
   5.2052052e-01  -1.0586440e-02
   5.2152152e-01  -1.0563706e-02
   5.2252252e-01  -1.0540977e-02
   5.2352352e-01  -1.0518254e-02
   5.2452452e-01  -1.0495536e-02
   5.2552553e-01  -1.0472823e-02
   5.2652653e-01  -1.0450118e-02
   5.2752753e-01  -1.0427418e-02
   5.2852853e-01  -1.0404725e-02
   5.2952953e-01  -1.0382040e-02
   5.3053053e-01  -1.0359361e-02
   5.3153153e-01  -1.0336690e-02
   5.3253253e-01  -1.0314027e-02
   5.3353353e-01  -1.0291372e-02
   5.3453453e-01  -1.0268726e-02
   5.3553554e-01  -1.0246088e-02
   5.3653654e-01  -1.0223458e-02
   5.3753754e-01  -1.0200838e-02
   5.3853854e-01  -1.0178227e-02
   5.3953954e-01  -1.0155625e-02
   5.4054054e-01  -1.0133033e-02
   5.4154154e-01  -1.0110451e-02
   5.4254254e-01  -1.0087879e-02
   5.4354354e-01  -1.0065317e-02
   5.4454454e-01  -1.0042766e-02
   5.4554555e-01  -1.0020225e-02
   5.4654655e-01  -9.9976952e-03
   5.4754755e-01  -9.9751763e-03
   5.4854855e-01  -9.9526685e-03
   5.4954955e-01  -9.9301721e-03
   5.5055055e-01  -9.9076870e-03
   5.5155155e-01  -9.8852136e-03
   5.5255255e-01  -9.8627519e-03
   5.5355355e-01  -9.8403021e-03
   5.5455455e-01  -9.8178643e-03
   5.5555556e-01  -9.7954386e-03
   5.5655656e-01  -9.7730252e-03
   5.5755756e-01  -9.7506240e-03
   5.5855856e-01  -9.7282353e-03
   5.5955956e-01  -9.7058592e-03
   5.6056056e-01  -9.6834956e-03
   5.6156156e-01  -9.6611447e-03
   5.6256256e-01  -9.6388066e-03
   5.6356356e-01  -9.6164814e-03
   5.6456456e-01  -9.5941690e-03
   5.6556557e-01  -9.5718695e-03
   5.6656657e-01  -9.5495831e-03
   5.6756757e-01  -9.5273097e-03
   5.6856857e-01  -9.5050493e-03
   5.6956957e-01  -9.4828021e-03
   5.7057057e-01  -9.4605679e-03
   5.7157157e-01  -9.4383469e-03
   5.7257257e-01  -9.4161390e-03
   5.7357357e-01  -9.3939442e-03
   5.7457457e-01  -9.3717626e-03
   5.7557558e-01  -9.3495941e-03
   5.7657658e-01  -9.3274386e-03
   5.7757758e-01  -9.3052962e-03
   5.7857858e-01  -9.2831669e-03
   5.7957958e-01  -9.2610505e-03
   5.8058058e-01  -9.2389471e-03
   5.8158158e-01  -9.2168566e-03
   5.8258258e-01  -9.1947789e-03
   5.8358358e-01  -9.1727139e-03
   5.8458458e-01  -9.1506617e-03
   5.8558559e-01  -9.1286221e-03
   5.8658659e-01  -9.1065950e-03
   5.8758759e-01  -9.0845804e-03
   5.8858859e-01  -9.0625782e-03
   5.8958959e-01  -9.0405882e-03
   5.9059059e-01  -9.0186103e-03
   5.9159159e-01  -8.9966445e-03
   5.9259259e-01  -8.9746906e-03
   5.9359359e-01  -8.9527484e-03
   5.9459459e-01  -8.9308180e-03
   5.9559560e-01  -8.9088990e-03
   5.9659660e-01  -8.8869915e-03
   5.9759760e-01  -8.8650952e-03
   5.9859860e-01  -8.8432099e-03
   5.9959960e-01  -8.8213356e-03
   6.0060060e-01  -8.7994721e-03
   6.0160160e-01  -8.7776192e-03
   6.0260260e-01  -8.7557767e-03
   6.0360360e-01  -8.7339444e-03
   6.0460460e-01  -8.7121223e-03
   6.0560561e-01  -8.6903100e-03
   6.0660661e-01  -8.6685074e-03
   6.0760761e-01  -8.6467143e-03
   6.0860861e-01  -8.6249305e-03
   6.0960961e-01  -8.6031558e-03
   6.1061061e-01  -8.5813899e-03
   6.1161161e-01  -8.5596328e-03
   6.1261261e-01  -8.5378841e-03
   6.1361361e-01  -8.5161436e-03
   6.1461461e-01  -8.4944112e-03
   6.1561562e-01  -8.4726865e-03
   6.1661662e-01  -8.4509694e-03
   6.1761762e-01  -8.4292597e-03
   6.1861862e-01  -8.4075570e-03
   6.1961962e-01  -8.3858611e-03
   6.2062062e-01  -8.3641718e-03
   6.2162162e-01  -8.3424889e-03
   6.2262262e-01  -8.3208121e-03
   6.2362362e-01  -8.2991412e-03
   6.2462462e-01  -8.2774758e-03
   6.2562563e-01  -8.2558158e-03
   6.2662663e-01  -8.2341608e-03
   6.2762763e-01  -8.2125107e-03
   6.2862863e-01  -8.1908651e-03
   6.2962963e-01  -8.1692238e-03
   6.3063063e-01  -8.1475865e-03
   6.3163163e-01  -8.1259530e-03
   6.3263263e-01  -8.1043229e-03
   6.3363363e-01  -8.0826960e-03
   6.3463463e-01  -8.0610721e-03
   6.3563564e-01  -8.0394508e-03
   6.3663664e-01  -8.0178319e-03
   6.3763764e-01  -7.9962151e-03
   6.3863864e-01  -7.9746002e-03
   6.3963964e-01  -7.9529868e-03
   6.4064064e-01  -7.9313746e-03
   6.4164164e-01  -7.9097634e-03
   6.4264264e-01  -7.8881530e-03
   6.4364364e-01  -7.8665430e-03
   6.4464464e-01  -7.8449331e-03
   6.4564565e-01  -7.8233231e-03
   6.4664665e-01  -7.8017127e-03
   6.4764765e-01  -7.7801017e-03
   6.4864865e-01  -7.7584896e-03
   6.4964965e-01  -7.7368764e-03
   6.5065065e-01  -7.7152616e-03
   6.5165165e-01  -7.6936450e-03
   6.5265265e-01  -7.6720264e-03
   6.5365365e-01  -7.6504054e-03
   6.5465465e-01  -7.6287819e-03
   6.5565566e-01  -7.6071555e-03
   6.5665666e-01  -7.5855259e-03
   6.5765766e-01  -7.5638929e-03
   6.5865866e-01  -7.5422563e-03
   6.5965966e-01  -7.5206157e-03
   6.6066066e-01  -7.4989710e-03
   6.6166166e-01  -7.4773218e-03
   6.6266266e-01  -7.4556679e-03
   6.6366366e-01  -7.4340091e-03
   6.6466466e-01  -7.4123451e-03
   6.6566567e-01  -7.3906756e-03
   6.6666667e-01  -7.3690004e-03
   6.6766767e-01  -7.3473194e-03
   6.6866867e-01  -7.3256321e-03
   6.6966967e-01  -7.3039385e-03
   6.7067067e-01  -7.2822382e-03
   6.7167167e-01  -7.2605311e-03
   6.7267267e-01  -7.2388169e-03
   6.7367367e-01  -7.2170955e-03
   6.7467467e-01  -7.1953665e-03
   6.7567568e-01  -7.1736298e-03
   6.7667668e-01  -7.1518852e-03
   6.7767768e-01  -7.1301325e-03
   6.7867868e-01  -7.1083715e-03
   6.7967968e-01  -7.0866020e-03
   6.8068068e-01  -7.0648237e-03
   6.8168168e-01  -7.0430366e-03
   6.8268268e-01  -7.0212405e-03
   6.8368368e-01  -6.9994351e-03
   6.8468468e-01  -6.9776203e-03
   6.8568569e-01  -6.9557960e-03
   6.8668669e-01  -6.9339619e-03
   6.8768769e-01  -6.9121180e-03
   6.8868869e-01  -6.8902641e-03
   6.8968969e-01  -6.8684000e-03
   6.9069069e-01  -6.8465256e-03
   6.9169169e-01  -6.8246408e-03
   6.9269269e-01  -6.8027455e-03
   6.9369369e-01  -6.7808395e-03
   6.9469469e-01  -6.7589228e-03
   6.9569570e-01  -6.7369951e-03
   6.9669670e-01  -6.7150565e-03
   6.9769770e-01  -6.6931069e-03
   6.9869870e-01  -6.6711461e-03
   6.9969970e-01  -6.6491740e-03
   7.0070070e-01  -6.6271906e-03
   7.0170170e-01  -6.6051959e-03
   7.0270270e-01  -6.5831897e-03
   7.0370370e-01  -6.5611721e-03
   7.0470470e-01  -6.5391429e-03
   7.0570571e-01  -6.5171021e-03
   7.0670671e-01  -6.4950497e-03
   7.0770771e-01  -6.4729857e-03
   7.0870871e-01  -6.4509100e-03
   7.0970971e-01  -6.4288226e-03
   7.1071071e-01  -6.4067235e-03
   7.1171171e-01  -6.3846128e-03
   7.1271271e-01  -6.3624903e-03
   7.1371371e-01  -6.3403562e-03
   7.1471471e-01  -6.3182105e-03
   7.1571572e-01  -6.2960531e-03
   7.1671672e-01  -6.2738842e-03
   7.1771772e-01  -6.2517037e-03
   7.1871872e-01  -6.2295117e-03
   7.1971972e-01  -6.2073083e-03
   7.2072072e-01  -6.1850935e-03
   7.2172172e-01  -6.1628673e-03
   7.2272272e-01  -6.1406300e-03
   7.2372372e-01  -6.1183815e-03
   7.2472472e-01  -6.0961219e-03
   7.2572573e-01  -6.0738514e-03
   7.2672673e-01  -6.0515700e-03
   7.2772773e-01  -6.0292779e-03
   7.2872873e-01  -6.0069751e-03
   7.2972973e-01  -5.9846619e-03
   7.3073073e-01  -5.9623382e-03
   7.3173173e-01  -5.9400044e-03
   7.3273273e-01  -5.9176604e-03
   7.3373373e-01  -5.8953065e-03
   7.3473473e-01  -5.8729428e-03
   7.3573574e-01  -5.8505694e-03
   7.3673674e-01  -5.8281867e-03
   7.3773774e-01  -5.8057946e-03
   7.3873874e-01  -5.7833935e-03
   7.3973974e-01  -5.7609834e-03
   7.4074074e-01  -5.7385647e-03
   7.4174174e-01  -5.7161374e-03
   7.4274274e-01  -5.6937019e-03
   7.4374374e-01  -5.6712583e-03
   7.4474474e-01  -5.6488068e-03
   7.4574575e-01  -5.6263477e-03
   7.4674675e-01  -5.6038811e-03
   7.4774775e-01  -5.5814074e-03
   7.4874875e-01  -5.5589268e-03
   7.4974975e-01  -5.5364395e-03
   7.5075075e-01  -5.5139458e-03
   7.5175175e-01  -5.4914459e-03
   7.5275275e-01  -5.4689400e-03
   7.5375375e-01  -5.4464286e-03
   7.5475475e-01  -5.4239118e-03
   7.5575576e-01  -5.4013898e-03
   7.5675676e-01  -5.3788631e-03
   7.5775776e-01  -5.3563319e-03
   7.5875876e-01  -5.3337964e-03
   7.5975976e-01  -5.3112569e-03
   7.6076076e-01  -5.2887138e-03
   7.6176176e-01  -5.2661674e-03
   7.6276276e-01  -5.2436179e-03
   7.6376376e-01  -5.2210657e-03
   7.6476476e-01  -5.1985111e-03
   7.6576577e-01  -5.1759543e-03
   7.6676677e-01  -5.1533958e-03
   7.6776777e-01  -5.1308358e-03
   7.6876877e-01  -5.1082746e-03
   7.6976977e-01  -5.0857126e-03
   7.7077077e-01  -5.0631501e-03
   7.7177177e-01  -5.0405875e-03
   7.7277277e-01  -5.0180250e-03
   7.7377377e-01  -4.9954629e-03
   7.7477477e-01  -4.9729017e-03
   7.7577578e-01  -4.9503417e-03
   7.7677678e-01  -4.9277831e-03
   7.7777778e-01  -4.9052264e-03
   7.7877878e-01  -4.8826718e-03
   7.7977978e-01  -4.8601197e-03
   7.8078078e-01  -4.8375705e-03
   7.8178178e-01  -4.8150244e-03
   7.8278278e-01  -4.7924818e-03
   7.8378378e-01  -4.7699431e-03
   7.8478478e-01  -4.7474085e-03
   7.8578579e-01  -4.7248785e-03
   7.8678679e-01  -4.7023533e-03
   7.8778779e-01  -4.6798332e-03
   7.8878879e-01  -4.6573187e-03
   7.8978979e-01  -4.6348100e-03
   7.9079079e-01  -4.6123074e-03
   7.9179179e-01  -4.5898113e-03
   7.9279279e-01  -4.5673220e-03
   7.9379379e-01  -4.5448398e-03
   7.9479479e-01  -4.5223651e-03
   7.9579580e-01  -4.4998980e-03
   7.9679680e-01  -4.4774390e-03
   7.9779780e-01  -4.4549884e-03
   7.9879880e-01  -4.4325463e-03
   7.9979980e-01  -4.4101133e-03
   8.0080080e-01  -4.3876894e-03
   8.0180180e-01  -4.3652750e-03
   8.0280280e-01  -4.3428704e-03
   8.0380380e-01  -4.3204759e-03
   8.0480480e-01  -4.2980917e-03
   8.0580581e-01  -4.2757181e-03
   8.0680681e-01  -4.2533553e-03
   8.0780781e-01  -4.2310036e-03
   8.0880881e-01  -4.2086633e-03
   8.0980981e-01  -4.1863345e-03
   8.1081081e-01  -4.1640175e-03
   8.1181181e-01  -4.1417125e-03
   8.1281281e-01  -4.1194198e-03
   8.1381381e-01  -4.0971394e-03
   8.1481481e-01  -4.0748718e-03
   8.1581582e-01  -4.0526169e-03
   8.1681682e-01  -4.0303750e-03
   8.1781782e-01  -4.0081463e-03
   8.1881882e-01  -3.9859309e-03
   8.1981982e-01  -3.9637290e-03
   8.2082082e-01  -3.9415408e-03
   8.2182182e-01  -3.9193663e-03
   8.2282282e-01  -3.8972056e-03
   8.2382382e-01  -3.8750590e-03
   8.2482482e-01  -3.8529264e-03
   8.2582583e-01  -3.8308081e-03
   8.2682683e-01  -3.8087040e-03
   8.2782783e-01  -3.7866142e-03
   8.2882883e-01  -3.7645388e-03
   8.2982983e-01  -3.7424778e-03
   8.3083083e-01  -3.7204313e-03
   8.3183183e-01  -3.6983993e-03
   8.3283283e-01  -3.6763818e-03
   8.3383383e-01  -3.6543788e-03
   8.3483483e-01  -3.6323903e-03
   8.3583584e-01  -3.6104162e-03
   8.3683684e-01  -3.5884565e-03
   8.3783784e-01  -3.5665112e-03
   8.3883884e-01  -3.5445801e-03
   8.3983984e-01  -3.5226633e-03
   8.4084084e-01  -3.5007606e-03
   8.4184184e-01  -3.4788718e-03
   8.4284284e-01  -3.4569970e-03
   8.4384384e-01  -3.4351359e-03
   8.4484484e-01  -3.4132884e-03
   8.4584585e-01  -3.3914543e-03
   8.4684685e-01  -3.3696335e-03
   8.4784785e-01  -3.3478257e-03
   8.4884885e-01  -3.3260308e-03
   8.4984985e-01  -3.3042485e-03
   8.5085085e-01  -3.2824786e-03
   8.5185185e-01  -3.2607208e-03
   8.5285285e-01  -3.2389750e-03
   8.5385385e-01  -3.2172407e-03
   8.5485485e-01  -3.1955177e-03
   8.5585586e-01  -3.1738057e-03
   8.5685686e-01  -3.1521044e-03
   8.5785786e-01  -3.1304135e-03
   8.5885886e-01  -3.1087325e-03
   8.5985986e-01  -3.0870611e-03
   8.6086086e-01  -3.0653990e-03
   8.6186186e-01  -3.0437457e-03
   8.6286286e-01  -3.0221009e-03
   8.6386386e-01  -3.0004640e-03
   8.6486486e-01  -2.9788347e-03
   8.6586587e-01  -2.9572126e-03
   8.6686687e-01  -2.9355970e-03
   8.6786787e-01  -2.9139877e-03
   8.6886887e-01  -2.8923840e-03
   8.6986987e-01  -2.8707855e-03
   8.7087087e-01  -2.8491917e-03
   8.7187187e-01  -2.8276020e-03
   8.7287287e-01  -2.8060158e-03
   8.7387387e-01  -2.7844327e-03
   8.7487487e-01  -2.7628521e-03
   8.7587588e-01  -2.7412733e-03
   8.7687688e-01  -2.7196958e-03
   8.7787788e-01  -2.6981190e-03
   8.7887888e-01  -2.6765422e-03
   8.7987988e-01  -2.6549649e-03
   8.8088088e-01  -2.6333864e-03
   8.8188188e-01  -2.6118061e-03
   8.8288288e-01  -2.5902234e-03
   8.8388388e-01  -2.5686374e-03
   8.8488488e-01  -2.5470477e-03
   8.8588589e-01  -2.5254535e-03
   8.8688689e-01  -2.5038542e-03
   8.8788789e-01  -2.4822490e-03
   8.8888889e-01  -2.4606373e-03
   8.8988989e-01  -2.4390183e-03
   8.9089089e-01  -2.4173914e-03
   8.9189189e-01  -2.3957559e-03
   8.9289289e-01  -2.3741110e-03
   8.9389389e-01  -2.3524560e-03
   8.9489489e-01  -2.3307903e-03
   8.9589590e-01  -2.3091131e-03
   8.9689690e-01  -2.2874237e-03
   8.9789790e-01  -2.2657214e-03
   8.9889890e-01  -2.2440055e-03
   8.9989990e-01  -2.2222752e-03
   9.0090090e-01  -2.2005300e-03
   9.0190190e-01  -2.1787690e-03
   9.0290290e-01  -2.1569915e-03
   9.0390390e-01  -2.1351970e-03
   9.0490490e-01  -2.1133847e-03
   9.0590591e-01  -2.0915540e-03
   9.0690691e-01  -2.0697042e-03
   9.0790791e-01  -2.0478346e-03
   9.0890891e-01  -2.0259446e-03
   9.0990991e-01  -2.0040336e-03
   9.1091091e-01  -1.9821010e-03
   9.1191191e-01  -1.9601462e-03
   9.1291291e-01  -1.9381687e-03
   9.1391391e-01  -1.9161678e-03
   9.1491491e-01  -1.8941431e-03
   9.1591592e-01  -1.8720941e-03
   9.1691692e-01  -1.8500202e-03
   9.1791792e-01  -1.8279210e-03
   9.1891892e-01  -1.8057961e-03
   9.1991992e-01  -1.7836451e-03
   9.2092092e-01  -1.7614676e-03
   9.2192192e-01  -1.7392633e-03
   9.2292292e-01  -1.7170318e-03
   9.2392392e-01  -1.6947730e-03
   9.2492492e-01  -1.6724865e-03
   9.2592593e-01  -1.6501722e-03
   9.2692693e-01  -1.6278299e-03
   9.2792793e-01  -1.6054595e-03
   9.2892893e-01  -1.5830611e-03
   9.2992993e-01  -1.5606345e-03
   9.3093093e-01  -1.5381798e-03
   9.3193193e-01  -1.5156971e-03
   9.3293293e-01  -1.4931866e-03
   9.3393393e-01  -1.4706484e-03
   9.3493493e-01  -1.4480829e-03
   9.3593594e-01  -1.4254903e-03
   9.3693694e-01  -1.4028711e-03
   9.3793794e-01  -1.3802257e-03
   9.3893894e-01  -1.3575546e-03
   9.3993994e-01  -1.3348586e-03
   9.4094094e-01  -1.3121381e-03
   9.4194194e-01  -1.2893941e-03
   9.4294294e-01  -1.2666274e-03
   9.4394394e-01  -1.2438388e-03
   9.4494494e-01  -1.2210295e-03
   9.4594595e-01  -1.1982004e-03
   9.4694695e-01  -1.1753529e-03
   9.4794795e-01  -1.1524882e-03
   9.4894895e-01  -1.1296077e-03
   9.4994995e-01  -1.1067129e-03
   9.5095095e-01  -1.0838055e-03
   9.5195195e-01  -1.0608872e-03
   9.5295295e-01  -1.0379597e-03
   9.5395395e-01  -1.0150251e-03
   9.5495495e-01  -9.9208547e-04
   9.5595596e-01  -9.6914298e-04
   9.5695696e-01  -9.4619997e-04
   9.5795796e-01  -9.2325893e-04
   9.5895896e-01  -9.0032245e-04
   9.5995996e-01  -8.7739330e-04
   9.6096096e-01  -8.5447436e-04
   9.6196196e-01  -8.3156870e-04
   9.6296296e-01  -8.0867952e-04
   9.6396396e-01  -7.8581018e-04
   9.6496496e-01  -7.6296421e-04
   9.6596597e-01  -7.4014531e-04
   9.6696697e-01  -7.1735736e-04
   9.6796797e-01  -6.9460440e-04
   9.6896897e-01  -6.7189067e-04
   9.6996997e-01  -6.4922060e-04
   9.7097097e-01  -6.2659880e-04
   9.7197197e-01  -6.0403009e-04
   9.7297297e-01  -5.8151949e-04
   9.7397397e-01  -5.5907223e-04
   9.7497497e-01  -5.3669376e-04
   9.7597598e-01  -5.1438974e-04
   9.7697698e-01  -4.9216608e-04
   9.7797798e-01  -4.7002888e-04
   9.7897898e-01  -4.4798452e-04
   9.7997998e-01  -4.2603961e-04
   9.8098098e-01  -4.0420100e-04
   9.8198198e-01  -3.8247581e-04
   9.8298298e-01  -3.6087142e-04
   9.8398398e-01  -3.3939547e-04
   9.8498498e-01  -3.1805589e-04
   9.8598599e-01  -2.9686088e-04
   9.8698699e-01  -2.7581894e-04
   9.8798799e-01  -2.5493886e-04
   9.8898899e-01  -2.3422972e-04
   9.8998999e-01  -2.1370094e-04
   9.9099099e-01  -1.9336224e-04
   9.9199199e-01  -1.7322366e-04
   9.9299299e-01  -1.5329558e-04
   9.9399399e-01  -1.3358872e-04
   9.9499499e-01  -1.1411414e-04
   9.9599600e-01  -9.4883269e-05
   9.9699700e-01  -7.5907886e-05
   9.9799800e-01  -5.7200148e-05
   9.9899900e-01  -3.8772590e-05
   1.0000000e+00  -2.0638135e-05
