0.0000	0.0000
0.0020	0.0000
0.0050	0.0000
0.0100	0.0000
0.0200	0.0000
0.0300	0.0000
0.0400	0.0000
0.0500	0.0001
0.0600	0.0000
0.0700	0.0000
0.0800	0.0001
0.0900	0.0001
0.1000	0.0001
0.1100	0.0000
0.1200	0.0000
0.1300	0.0000
0.1400	-0.0001
0.1500	-0.0001
0.1600	-0.0001
0.1700	0.0000
0.1800	-0.0001
0.1900	-0.0001
0.2000	-0.0001
0.2100	-0.0001
0.2200	-0.0001
0.2300	-0.0001
0.2400	-0.0001
0.2500	-0.0001
0.2600	-0.0001
0.2700	-0.0001
0.2800	-0.0001
0.2900	0.0000
0.3000	-0.0001
0.3100	0.0000
0.3200	0.0000
0.3300	0.0000
0.3400	0.0000
0.3500	0.0001
0.3600	0.0001
0.3700	0.0002
0.3800	0.0002
0.3900	0.0002
0.4000	0.0003
0.4100	0.0004
0.4200	0.0004
0.4300	0.0005
0.4400	0.0006
0.4500	0.0007
0.4600	0.0008
0.4700	0.0010
0.4800	0.0012
0.4900	0.0013
0.5000	0.0015
0.5100	0.0018
0.5200	0.0020
0.5300	0.0023
0.5400	0.0026
0.5500	0.0028
0.5600	0.0032
0.5700	0.0035
0.5800	0.0039
0.5900	0.0043
0.6000	0.0047
0.6100	0.0051
0.6200	0.0055
0.6300	0.0059
0.6400	0.0063
0.6500	0.0067
0.6600	0.0071
0.6700	0.0075
0.6800	0.0079
0.6900	0.0082
0.7000	0.0086
0.7100	0.0089
0.7200	0.0092
0.7300	0.0095
0.7400	0.0098
0.7500	0.0100
0.7600	0.0101
0.7700	0.0103
0.7800	0.0103
0.7900	0.0104
0.8000	0.0103
0.8100	0.0103
0.8200	0.0101
0.8300	0.0098
0.8400	0.0095
0.8500	0.0090
0.8600	0.0084
0.8700	0.0077
0.8800	0.0069
0.8900	0.0060
0.9000	0.0049
0.9100	0.0037
0.9200	0.0024
0.9300	0.0008
0.9400	-0.0009
0.9500	-0.0027
0.9600	-0.0047
0.9700	-0.0069
0.9800	-0.0093
0.9900	-0.0119
1.0000	-0.0147